Исходная матрица:
8 13 8 21 31 
60 79 95 85 45 
34 9 10 81 32 
81 17 32 41 21 
87 92 95 49 22 
Название метода сортировки: BubbleSort
Колличество сравнений: 6
Колличество перестановок: 2
Результирующая матрица: 
          60           13           32           21           31 
          34           79           95           85           45 
           8            9           10           81           32 
          81           17            8           41           21 
          87           92           95           49           22 

Название метода сортировки: ShellSort
Колличество сравнений: 5
Колличество перестановок: 2
Результирующая матрица: 
          60           13           32           21           31 
          34           79           95           85           45 
           8            9           10           81           32 
          81           17            8           41           21 
          87           92           95           49           22 

Название метода сортировки: InsertionSort
Колличество сравнений: 6
Колличество перестановок: 2
Результирующая матрица: 
          60           13           32           21           31 
          34           79           95           85           45 
           8            9           10           81           32 
          81           17            8           41           21 
          87           92           95           49           22 

Название метода сортировки: SelectionSort
Колличество сравнений: 7
Колличество перестановок: 2
Результирующая матрица: 
          60           13           32           21           31 
          34           79           95           85           45 
           8            9           10           81           32 
          81           17            8           41           21 
          87           92           95           49           22 

Название метода сортировки: QuickSort
Колличество сравнений: 6
Колличество перестановок: 4
Результирующая матрица: 
          60           13           32           21           31 
          34           79           95           85           45 
           8            9           10           81           32 
          81           17            8           41           21 
          87           92           95           49           22 

Сравнительная таблица: 
Метод          Перестановки  Сравнения
BubbleSort                2          6
ShellSort                 2          5
InsertionSort             2          6
SelectionSort             2          7
QuickSort                 4          6

